
#For fun3_3

Combinations of epsilon_inv_1: combination of nodes.

[(1, 3)]
[(2, 3)]

[(1,), (1, 3)]
[(2, 3), (2,)]
[(2, 3), (1, 3)]

[(2, 3), (1,), (1, 3)]
[(2, 3), (2,), (1, 3)]

[(2, 3), (1,), (2,), (1, 3)]

[(2,), (1, 2, 3), (2, 3), (1,), (1, 3)]

[(2,), (1, 2, 3), (2, 3), (1,), (3,), (1, 3)]
[(1, 2), (2,), (1, 2, 3), (2, 3), (1,), (1, 3)]

[(2,), (1, 2), (1, 2, 3), (2, 3), (1,), (3,), (1, 3)]

-------------------------------------------------------------
epsilion inv 1 from single node

[(1, 3)]
[(2, 3)]

[(1,), (1, 3)]
[(2,), (2, 3)]

[(1, 2, 3), (1,), (1, 3), (2,), (2, 3)]

[(3,), (1, 3), (2, 3), (1, 2, 3), (1,), (2,)]
[(1, 2), (1, 2, 3), (1,), (1, 3), (2,), (2, 3)]

