
Keep this text file as show there are no length 7 extensions for these functions.

fun3_3

{(1,): 0, (2,): 0, (3,): 0, (1, 2): 1, (1, 3): 0, (2, 3): 0, (1, 2, 3): 1}
The list of epsilon^-1 are:

[(1,), (1, 3)]

[(2, 3), (2,)]

[(2,), (1, 2, 3), (2, 3), (1,), (3,), (1, 3)]

[(1, 2), (2,), (1, 2, 3), (2, 3), (1,), (1, 3)]

[(1, 3)]

[(2, 3)]

[(2,), (1, 2, 3), (2, 3), (1,), (1, 3)]

[(2, 3), (1,), (2,), (1, 3)]

[(2, 3), (1,), (1, 3)]

[(2, 3), (2,), (1, 3)]

[(2, 3), (1, 3)]

[()]

fun3_4

{(1,): 0, (2,): 0, (3,): 0, (1, 2): 0, (1, 3): 1, (2, 3): 0, (1, 2, 3): 1}
The list of epsilon^-1 are:

[(1,), (1, 2)]

[(1, 2), (2,), (1, 2, 3), (2, 3), (1,), (3,)]

[(2, 3), (3,)]

[(1, 2)]

[(1, 2), (1, 2, 3), (2, 3), (1,), (3,), (1, 3)]

[(2, 3)]

[(1, 2), (1, 2, 3), (2, 3), (1,), (3,)]

[(2, 3), (1,), (1, 2), (3,)]

[(2, 3), (1,), (1, 2)]

[(2, 3), (1, 2), (3,)]

[(2, 3), (1, 2)]

[()]


fun3_5

{(1,): 0, (2,): 0, (3,): 0, (1, 2): 0, (1, 3): 0, (2, 3): 1, (1, 2, 3): 1}
The list of epsilon^-1 are:

[(1, 2), (2,), (1, 2, 3), (1,), (3,), (1, 3)]

[(1, 2), (2,)]

[(1, 3), (3,)]

[(1, 2)]

[(1, 3)]

[(1, 3), (1, 2), (2,), (1, 2, 3), (2, 3), (3,)]

[(1, 3), (1, 2), (2,), (1, 2, 3), (3,)]

[(1, 3), (1, 2), (2,), (3,)]

[(1, 2), (2,), (1, 3)]

[(1, 3), (1, 2), (3,)]

[(1, 2), (1, 3)]

[()]

